
8944538531
8944538531
8944538531
8944538531
8944538531
8944538531 8944538531
8944538531
8944538531
8944538531
8944538531
8944538531
007501667
007490739
007490341
007501766
007501709
007501683
007501667
007490739
007490341
007501766
007501709
007501683
8944538531
8944538531
8944538531
8944538531
8944538531
8944538531
8944538531
8944538531
8944538531
8944538531
8944538531 8944538531
007490341
007501766
007501709
007501683
007501667
007490739
007490341
007501766
007501709
007501709
007501683
007501667
8944538531
8944538531
8944538531
8944538531
8944538531
8944538531 8944538531
8944538531
8944538531
8944538531 8944538531
8944538531
007501667
007490739
007490341
007501766
007501709
007501683
007490341
007501766
007501709
007501683
007501667
007490739
8944538531
8944538531
8944538531
8944538531
8944538531
8944538531 8944538531
8944538531
8944538531
8944538531
8944538531
8944538531
007501667
007490739
007490341
007501766
007501709
007501683 007501667
007490739
007490341
007501766
007501709
007501683
8944538531
8944538531
8944538531
8944538531
8944538531
8944538531
8944538531
8944538531
8944538531
8944538531
8944538531 8944538531
007490341
007501766
007501709
007501683
007501667
007490739
007490341
007501766
007501709
007501709
007501683
007501667
8944538531
8944538531
8944538531
8944538531
8944538531
8944538531 8944538531
8944538531
8944538531
8944538531
8944538531
8944538531
007501667
007490739
007490341
007501766
007501709
007501683 007490341
007501766
007501709
007501683
007501667
007490739
8944538531
8944538531
8944538531
8944538531
8944538531
8944538531
8944538531
8944538531
8944538531
8944538531
8944538531 8944538531
007490341
007501766
007501709
007501683
007501667
007490739
007490341
007501766
007501709
007501709
007501683 007501667
8944538531
8944538531
8944538531
8944538531
8944538531
8944538531 8944538531
8944538531
8944538531
8944538531
8944538531
8944538531
007501667
007490739
007490341
007501766
007501709
007501683 007490341
007501766
007501709
007501683
007501667
007490739
8944538531
8944538531
8944538531
8944538531
8944538531
8944538531 8944538531
8944538531
8944538531
8944538531
8944538531
8944538531
007501667
007490739
007490341
007501766
007501709
007501683 007501667
007490739
007490341
007501766
007501709
007501683
8944538531
8944538531
8944538531
8944538531 8944538531
8944538531
8944538531
8944538531
8944538531
8944538531
8944538531 8944538531
007490341
007501766
007501709
007501683
007501667
007490739
007490341
007501766
007501709
007501709
007501683 007501667
8944538531
8944538531
8944538531
8944538531
8944538531
8944538531 8944538531
8944538531
8944538531
8944538531
8944538531
8944538531
007501667
007490739
007490341
007501766
007501709
007501683 007490341
007501766
007501709
007501683
007501667
007490739
8944538531
8944538531
8944538531
8944538531
8944538531
8944538531
8944538531
8944538531
8944538531
8944538531
8944538531 8944538531
007490341
007501766
007501709
007501683
007501667
007490739
007490341
007501766
007501709
007501709
007501683 007501667
8944538531
8944538531
8944538531
8944538531
8944538531
8944538531 8944538531
8944538531
8944538531
8944538531
8944538531
8944538531
007501667
007490739
007490341
007501766
007501709
007501683 007490341
007501766
007501709
007501683
007501667
007490739
